	A_1	A_2	A_3	A_4	A_5	A_6	A_7	A_8	A_9	A_10	B_1	B_2	B_3	B_4	B_5	B_6	B_7	B_8	B_9	B_10	C_1	C_2	C_3	C_4	C_5	C_6	C_7	C_8	C_9	C_10
A_1	0	0.534704387187958	0.433302760124207	0.548167824745178	0.479666471481323	0.68519401550293	0.533216059207916	0.721291899681091	0.763222455978394	0.537017524242401	0.957932531833649	0.663832247257233	0.915814280509949	0.585390210151672	0.774887979030609	0.805871605873108	0.872008562088013	0.878993093967438	0.944579601287842	0.967905402183533	0.447181582450867	0.489263355731964	0.6152423620224	0.505079746246338	0.747260272502899	0.492812216281891	0.783033311367035	0.33321350812912	0.506220459938049	0.486195862293243
A_2	0.534704387187958	0	0.562205195426941	0.620097994804382	0.3072270154953	0.473721861839294	0.359340012073517	0.540522396564484	0.628050446510315	0.564763188362122	0.901175737380981	0.680843114852905	0.82264232635498	0.812654495239258	0.72908627986908	0.774972558021545	0.793587148189545	0.835866570472717	0.839906692504883	0.938892304897308	0.624372601509094	0.425473272800446	0.533217370510101	0.58619886636734	0.760605335235596	0.422048330307007	0.794358611106873	0.465586066246033	0.72137987613678	0.656290173530579
A_3	0.433302760124207	0.562205195426941	0	0.478900790214539	0.503423094749451	0.538926720619202	0.28480339050293	0.493791222572327	0.705248534679413	0.499836921691895	0.896321773529053	0.703097224235535	0.760187745094299	0.722620785236359	0.756570100784302	0.699725329875946	0.825358510017395	0.668071627616882	0.908144533634186	0.905229866504669	0.633881092071533	0.577098190784454	0.576071739196777	0.536695599555969	0.691498398780823	0.490357637405396	0.723757982254028	0.514577090740204	0.598570168018341	0.582725882530212
A_4	0.548167824745178	0.620097994804382	0.478900790214539	0	0.555389106273651	0.543784499168396	0.488842189311981	0.553368270397186	0.536936163902283	0.623332738876343	0.872152805328369	0.688058316707611	0.772222220897675	0.543729662895203	0.670511841773987	0.751551985740662	0.712666511535645	0.779024422168732	0.838213443756104	0.888723731040955	0.799698829650879	0.758877396583557	0.613589823246002	0.694301962852478	0.649438381195068	0.694510936737061	0.614758729934692	0.742748498916626	0.717344582080841	0.741620540618896
A_5	0.479666471481323	0.3072270154953	0.503423094749451	0.555389106273651	0	0.481985747814178	0.302036881446838	0.641231715679169	0.662205219268799	0.626632630825043	0.900291740894318	0.648427546024323	0.830061197280884	0.689271688461304	0.773653209209442	0.76362133026123	0.773357748985291	0.841672122478485	0.839141428470612	0.929084837436676	0.764069199562073	0.552295744419098	0.469407975673676	0.622527241706848	0.754961609840393	0.464217126369476	0.779560387134552	0.513356506824493	0.769888341426849	0.722369074821472
A_6	0.68519401550293	0.473721861839294	0.538926720619202	0.543784499168396	0.481985747814178	0	0.383467972278595	0.435858607292175	0.595960736274719	0.496883809566498	0.83138632774353	0.712449789047241	0.715614914894104	0.713991045951843	0.679800570011139	0.756705284118652	0.70330810546875	0.719348311424255	0.801812827587128	0.870628118515015	0.784211158752441	0.74603658914566	0.704498171806335	0.749413669109344	0.681087374687195	0.705681025981903	0.735316872596741	0.754786610603333	0.705548882484436	0.709217488765717
A_7	0.533216059207916	0.359340012073517	0.28480339050293	0.488842189311981	0.302036881446838	0.383467972278595	0	0.426757335662842	0.62837016582489	0.529621481895447	0.857198655605316	0.644440114498138	0.708064436912537	0.725894212722778	0.658832311630249	0.674833953380585	0.767654836177826	0.683082163333893	0.82165789604187	0.886442124843597	0.749959051609039	0.593643605709076	0.527481436729431	0.606137096881866	0.708173871040344	0.525188386440277	0.74321848154068	0.580459535121918	0.703338325023651	0.69137042760849
A_8	0.721291899681091	0.540522396564484	0.493791222572327	0.553368270397186	0.641231715679169	0.435858607292175	0.426757335662842	0	0.798551440238953	0.659556031227112	0.878689646720886	0.642890810966492	0.757788777351379	0.76938009262085	0.691678702831268	0.709584891796112	0.847325563430786	0.710170030593872	0.852851748466492	0.891968846321106	0.803431510925293	0.777611255645752	0.719361662864685	0.784045994281769	0.741769552230835	0.721995949745178	0.741598546504974	0.752036571502686	0.696659088134766	0.756181359291077
A_9	0.763222455978394	0.628050446510315	0.705248534679413	0.536936163902283	0.662205219268799	0.595960736274719	0.62837016582489	0.798551440238953	0	0.748582005500793	0.900217652320862	0.796880125999451	0.807652533054352	0.81476366519928	0.810476779937744	0.809895277023315	0.760537624359131	0.797750651836395	0.85090959072113	0.909274876117706	0.823032140731812	0.779325842857361	0.717581331729889	0.739964723587036	0.744697213172913	0.763819813728333	0.706249535083771	0.795009791851044	0.835688531398773	0.779265701770782
A_10	0.537017524242401	0.564763188362122	0.499836921691895	0.623332738876343	0.626632630825043	0.496883809566498	0.529621481895447	0.659556031227112	0.748582005500793	0	0.854849517345428	0.703676521778107	0.7945796251297	0.801515638828278	0.77119243144989	0.817543983459473	0.791729331016541	0.836584687232971	0.821179151535034	0.884222805500031	0.465700626373291	0.554318130016327	0.734965443611145	0.69093382358551	0.693710684776306	0.602543950080872	0.764066696166992	0.551968455314636	0.482397377490997	0.489416658878326
B_1	0.957932531833649	0.901175737380981	0.896321773529053	0.872152805328369	0.900291740894318	0.83138632774353	0.857198655605316	0.878689646720886	0.900217652320862	0.854849517345428	0	0.583266854286194	0.361219644546509	0.530105173587799	0.476499795913696	0.679720163345337	0.407351911067963	0.507171928882599	0.261291801929474	0.193045914173126	0.976318299770355	0.953861951828003	0.929149448871613	0.961767256259918	0.914163827896118	0.936693608760834	0.918004095554352	0.96256697177887	0.922005534172058	0.935136377811432
B_2	0.663832247257233	0.680843114852905	0.703097224235535	0.688058316707611	0.648427546024323	0.712449789047241	0.644440114498138	0.642890810966492	0.796880125999451	0.703676521778107	0.583266854286194	0	0.620451688766479	0.657562136650085	0.694433927536011	0.546133279800415	0.712636053562164	0.610054075717926	0.604465484619141	0.563384473323822	0.795220553874969	0.765612244606018	0.764482796192169	0.782736837863922	0.791696071624756	0.738291323184967	0.798239409923553	0.743103086948395	0.748364567756653	0.759657800197601
B_3	0.915814280509949	0.82264232635498	0.760187745094299	0.772222220897675	0.830061197280884	0.715614914894104	0.708064436912537	0.757788777351379	0.807652533054352	0.7945796251297	0.361219644546509	0.620451688766479	0	0.508147358894348	0.372028708457947	0.646314144134521	0.325380384922028	0.2419193983078	0.429669797420502	0.363681554794312	0.940471947193146	0.91262549161911	0.885245084762573	0.914439737796783	0.868302464485168	0.889432609081268	0.871107757091522	0.918367028236389	0.877145111560822	0.899704396724701
B_4	0.585390210151672	0.812654495239258	0.722620785236359	0.543729662895203	0.689271688461304	0.713991045951843	0.725894212722778	0.76938009262085	0.81476366519928	0.801515638828278	0.530105173587799	0.657562136650085	0.508147358894348	0	0.455694198608398	0.61874932050705	0.403952777385712	0.536035358905792	0.499865412712097	0.60390442609787	0.853737056255341	0.838338196277618	0.773233354091644	0.814352869987488	0.767458081245422	0.807271420955658	0.77616822719574	0.84204888343811	0.808404445648193	0.797125935554504
B_5	0.774887979030609	0.72908627986908	0.756570100784302	0.670511841773987	0.773653209209442	0.679800570011139	0.658832311630249	0.691678702831268	0.810476779937744	0.77119243144989	0.476499795913696	0.694433927536011	0.372028708457947	0.455694198608398	0	0.557456731796265	0.383187115192413	0.470343828201294	0.442878067493439	0.409017086029053	0.894523978233337	0.874965846538544	0.851874172687531	0.86482572555542	0.850605010986328	0.850893199443817	0.864516258239746	0.866708040237427	0.846977829933167	0.853116750717163
B_6	0.805871605873108	0.774972558021545	0.699725329875946	0.751551985740662	0.76362133026123	0.756705284118652	0.674833953380585	0.709584891796112	0.809895277023315	0.817543983459473	0.679720163345337	0.546133279800415	0.646314144134521	0.61874932050705	0.557456731796265	0	0.519172012805939	0.532182991504669	0.505230665206909	0.689681231975555	0.904077529907227	0.850211918354034	0.836066901683807	0.850297093391418	0.844494640827179	0.82899272441864	0.868158400058746	0.869995474815369	0.852640628814697	0.839917838573456
B_7	0.872008562088013	0.793587148189545	0.825358510017395	0.712666511535645	0.773357748985291	0.70330810546875	0.767654836177826	0.847325563430786	0.760537624359131	0.791729331016541	0.407351911067963	0.712636053562164	0.325380384922028	0.403952777385712	0.383187115192413	0.519172012805939	0	0.382933139801025	0.290720105171204	0.426075160503387	0.943426549434662	0.898678481578827	0.875470876693726	0.908121943473816	0.871361613273621	0.886161327362061	0.880173802375793	0.921490430831909	0.893683910369873	0.887710332870483
B_8	0.878993093967438	0.835866570472717	0.668071627616882	0.779024422168732	0.841672122478485	0.719348311424255	0.683082163333893	0.710170030593872	0.797750651836395	0.836584687232971	0.507171928882599	0.610054075717926	0.2419193983078	0.536035358905792	0.470343828201294	0.532182991504669	0.382933139801025	0	0.505820274353027	0.476263523101807	0.915833950042725	0.883836925029755	0.8519526720047	0.880116760730743	0.842055678367615	0.858680367469788	0.850256502628326	0.89117431640625	0.854131937026978	0.871438384056091
B_9	0.944579601287842	0.839906692504883	0.908144533634186	0.838213443756104	0.839141428470612	0.801812827587128	0.82165789604187	0.852851748466492	0.85090959072113	0.821179151535034	0.261291801929474	0.604465484619141	0.429669797420502	0.499865412712097	0.442878067493439	0.505230665206909	0.290720105171204	0.505820274353027	0	0.337696671485901	0.965956211090088	0.925755321979523	0.907697319984436	0.935228526592255	0.899073898792267	0.915742158889771	0.911371886730194	0.946811616420746	0.91375744342804	0.911907434463501
B_10	0.967905402183533	0.938892304897308	0.905229866504669	0.888723731040955	0.929084837436676	0.870628118515015	0.886442124843597	0.891968846321106	0.909274876117706	0.884222805500031	0.193045914173126	0.563384473323822	0.363681554794312	0.60390442609787	0.409017086029053	0.689681231975555	0.426075160503387	0.476263523101807	0.337696671485901	0	0.979632139205933	0.959948241710663	0.934721112251282	0.967020690441132	0.919082760810852	0.942514836788177	0.921188354492188	0.968048334121704	0.926232397556305	0.941071152687073
C_1	0.447181582450867	0.624372601509094	0.633881092071533	0.799698829650879	0.764069199562073	0.784211158752441	0.749959051609039	0.803431510925293	0.823032140731812	0.465700626373291	0.976318299770355	0.795220553874969	0.940471947193146	0.853737056255341	0.894523978233337	0.904077529907227	0.943426549434662	0.915833950042725	0.965956211090088	0.979632139205933	0	0.520252585411072	0.60374391078949	0.495010495185852	0.641181588172913	0.619700729846954	0.78044456243515	0.423301815986633	0.507295489311218	0.390893638134003
C_2	0.489263355731964	0.425473272800446	0.577098190784454	0.758877396583557	0.552295744419098	0.74603658914566	0.593643605709076	0.777611255645752	0.779325842857361	0.554318130016327	0.953861951828003	0.765612244606018	0.91262549161911	0.838338196277618	0.874965846538544	0.850211918354034	0.898678481578827	0.883836925029755	0.925755321979523	0.959948241710663	0.520252585411072	0	0.470498204231262	0.411813735961914	0.592493653297424	0.301017582416534	0.783701777458191	0.373034417629242	0.619630575180054	0.442528486251831
C_3	0.6152423620224	0.533217370510101	0.576071739196777	0.613589823246002	0.469407975673676	0.704498171806335	0.527481436729431	0.719361662864685	0.717581331729889	0.734965443611145	0.929149448871613	0.764482796192169	0.885245084762573	0.773233354091644	0.851874172687531	0.836066901683807	0.875470876693726	0.8519526720047	0.907697319984436	0.934721112251282	0.60374391078949	0.470498204231262	0	0.428629875183105	0.430725455284119	0.346393525600433	0.553904891014099	0.459364235401154	0.717191755771637	0.521997332572937
C_4	0.505079746246338	0.58619886636734	0.536695599555969	0.694301962852478	0.622527241706848	0.749413669109344	0.606137096881866	0.784045994281769	0.739964723587036	0.69093382358551	0.961767256259918	0.782736837863922	0.914439737796783	0.814352869987488	0.86482572555542	0.850297093391418	0.908121943473816	0.880116760730743	0.935228526592255	0.967020690441132	0.495010495185852	0.411813735961914	0.428629875183105	0	0.482772409915924	0.342255473136902	0.607129633426666	0.379838585853577	0.602049589157104	0.363406479358673
C_5	0.747260272502899	0.760605335235596	0.691498398780823	0.649438381195068	0.754961609840393	0.681087374687195	0.708173871040344	0.741769552230835	0.744697213172913	0.693710684776306	0.914163827896118	0.791696071624756	0.868302464485168	0.767458081245422	0.850605010986328	0.844494640827179	0.871361613273621	0.842055678367615	0.899073898792267	0.919082760810852	0.641181588172913	0.592493653297424	0.430725455284119	0.482772409915924	0	0.569797992706299	0.495614290237427	0.641543388366699	0.617219805717468	0.396685659885406
C_6	0.492812216281891	0.422048330307007	0.490357637405396	0.694510936737061	0.464217126369476	0.705681025981903	0.525188386440277	0.721995949745178	0.763819813728333	0.602543950080872	0.936693608760834	0.738291323184967	0.889432609081268	0.807271420955658	0.850893199443817	0.82899272441864	0.886161327362061	0.858680367469788	0.915742158889771	0.942514836788177	0.619700729846954	0.301017582416534	0.346393525600433	0.342255473136902	0.569797992706299	0	0.616247653961182	0.276692152023315	0.540961086750031	0.455048322677612
C_7	0.783033311367035	0.794358611106873	0.723757982254028	0.614758729934692	0.779560387134552	0.735316872596741	0.74321848154068	0.741598546504974	0.706249535083771	0.764066696166992	0.918004095554352	0.798239409923553	0.871107757091522	0.77616822719574	0.864516258239746	0.868158400058746	0.880173802375793	0.850256502628326	0.911371886730194	0.921188354492188	0.78044456243515	0.783701777458191	0.553904891014099	0.607129633426666	0.495614290237427	0.616247653961182	0	0.662255764007568	0.619087338447571	0.65363222360611
C_8	0.33321350812912	0.465586066246033	0.514577090740204	0.742748498916626	0.513356506824493	0.754786610603333	0.580459535121918	0.752036571502686	0.795009791851044	0.551968455314636	0.96256697177887	0.743103086948395	0.918367028236389	0.84204888343811	0.866708040237427	0.869995474815369	0.921490430831909	0.89117431640625	0.946811616420746	0.968048334121704	0.423301815986633	0.373034417629242	0.459364235401154	0.379838585853577	0.641543388366699	0.276692152023315	0.662255764007568	0	0.517880141735077	0.480721712112427
C_9	0.506220459938049	0.72137987613678	0.598570168018341	0.717344582080841	0.769888341426849	0.705548882484436	0.703338325023651	0.696659088134766	0.835688531398773	0.482397377490997	0.922005534172058	0.748364567756653	0.877145111560822	0.808404445648193	0.846977829933167	0.852640628814697	0.893683910369873	0.854131937026978	0.91375744342804	0.926232397556305	0.507295489311218	0.619630575180054	0.717191755771637	0.602049589157104	0.617219805717468	0.540961086750031	0.619087338447571	0.517880141735077	0	0.351613700389862
C_10	0.486195862293243	0.656290173530579	0.582725882530212	0.741620540618896	0.722369074821472	0.709217488765717	0.69137042760849	0.756181359291077	0.779265701770782	0.489416658878326	0.935136377811432	0.759657800197601	0.899704396724701	0.797125935554504	0.853116750717163	0.839917838573456	0.887710332870483	0.871438384056091	0.911907434463501	0.941071152687073	0.390893638134003	0.442528486251831	0.521997332572937	0.363406479358673	0.396685659885406	0.455048322677612	0.65363222360611	0.480721712112427	0.351613700389862	0
